217 659
218 660
219 660
220 661
221 662
222 663
223 663
224 664
225 664
225 665
226 665
227 665
228 666
229 666
230 667
231 668
232 668
233 668
234 669
235 670
236 670
237 671
238 671
239 672
240 673
241 673
242 674
243 675
244 676
245 676
246 677
247 678
248 678
249 679
250 679
251 680
252 680
253 680
254 681
255 681
256 681
257 681
257 682
258 682
259 682
260 683
261 683
262 683
263 683
264 684
265 684
266 684
267 685
268 686
269 687
270 687
271 688
272 688
273 689
274 689
275 690
276 691
277 691
278 691
279 691
280 691
281 692
282 692
283 692
284 693
285 693
286 693
287 693
288 693
289 694
290 694
291 694
292 694
293 694
294 694
295 694
296 694
297 694
298 694
299 694
300 694
301 694
302 694
302 693
303 693
304 693
304 692
305 692
306 692
307 692
307 691
308 691
309 691
309 690
310 690
311 690
312 690
313 690
314 690
314 689
315 689
316 689
317 689
317 688
318 688
319 688
319 687
320 687
321 687
321 686
322 685
323 685
323 684
324 684
324 683
325 683
326 682
326 681
327 680
327 679
328 679
328 678
328 677
329 677
329 676
330 675
330 674
331 673
331 672
332 671
332 670
333 669
333 668
334 667
334 666
335 665
335 664
335 663
336 663
336 662
337 661
337 660
337 659
338 658
338 657
339 656
339 655
340 655
340 654
341 653
341 652
342 651
342 650
342 649
343 649
343 648
343 647
344 646
344 645
344 644
345 643
345 642
346 641
346 640
346 639
346 638
347 637
347 636
347 635
347 634
347 633
347 632
348 631
348 630
348 628
349 627
349 626
349 625
349 624
349 623
350 622
350 621
350 619
351 618
351 617
351 616
352 615
352 614
352 613
353 612
353 611
353 610
353 609
354 608
354 607
354 606
354 605
354 604
354 603
354 602
354 601
354 600
355 599
355 598
355 597
355 596
355 595
355 594
355 593
355 592
355 591
356 590
356 589
356 588
356 587
356 586
356 585
357 584
357 582
357 581
357 580
357 579
357 578
357 577
357 576
358 575
358 574
358 573
358 572
358 571
358 570
358 569
358 568
358 567
358 566
358 565
358 564
358 563
358 562
358 561
358 560
358 559
358 558
358 557
358 556
358 555
358 554
358 553
358 552
358 551
357 551
356 550
356 549
355 549
355 548
354 548
353 547
352 547
352 546
351 546
350 546
349 545
348 545
347 544
346 544
345 544
344 543
343 543
342 543
341 543
340 543
339 543
338 543
337 543
336 543
335 543
334 543
333 544
332 544
331 545
331 546
330 546
330 547
329 547
329 548
328 548
328 549
328 550
327 551
327 552
327 553
327 554
327 555
327 556
327 557
328 558
328 559
328 560
328 561
328 562
328 563
328 564
328 565
328 566
328 567
328 568
328 569
329 570
329 571
330 572
330 573
330 574
330 575
331 576
331 577
331 578
332 578
332 579
332 580
332 581
333 581
333 582
333 583
334 584
334 585
335 586
335 587
336 587
336 588
337 589
337 590
338 590
338 591
338 592
339 593
340 594
341 595
341 596
342 597
342 598
343 599
343 600
344 601
345 601
345 602
346 603
346 604
347 605
348 605
348 606
348 607
349 608
350 608
350 609
351 609
351 610
352 610
352 611
354 612
355 613
356 614
357 615
358 615
358 616
359 616
359 617
360 617
361 617
361 618
362 618
363 618
364 619
365 619
366 620
367 620
368 620
369 620
370 620
371 621
372 621
373 621
374 621
375 621
376 621
377 621
378 621
379 621
380 622
381 622
382 622
383 621
384 621
385 621
386 620
387 620
388 620
389 620
389 619
390 619
391 619
392 619
393 618
394 618
395 617
396 617
396 616
397 616
398 616
398 615
399 615
400 615
401 614
402 613
403 613
404 613
404 612
405 612
406 612
406 611
407 611
407 610
408 610
409 610
410 609
411 608
412 608
413 607
414 606
415 605
416 605
416 604
417 604
418 603
419 602
420 601
421 600
422 600
422 599
423 599
423 598
424 598
424 597
425 597
425 596
426 595
426 594
427 594
427 593
428 592
428 591
429 590
430 589
430 588
431 587
432 586
433 585
434 584
434 583
434 582
435 581
435 580
435 579
436 578
436 577
436 576
437 575
437 574
438 573
438 572
438 571
438 570
438 569
439 568
439 567
439 566
439 565
439 564
439 563
440 561
440 560
440 559
440 557
440 556
440 554
440 553
440 552
440 551
440 550
440 549
440 548
440 547
440 546
440 545
440 544
440 543
440 542
440 541
440 540
440 539
440 538
440 537
440 536
440 535
440 534
440 533
440 532
439 532
439 531
438 530
438 529
437 528
437 527
436 527
436 526
435 526
435 525
434 525
434 524
433 524
432 523
432 522
431 522
431 521
430 521
430 520
429 520
429 519
428 519
428 518
427 517
426 516
425 515
424 514
423 514
423 513
422 513
421 513
420 512
419 512
418 512
417 511
416 511
415 511
414 511
413 511
412 511
411 510
410 510
409 510
408 510
406 510
405 509
404 509
402 509
401 508
400 508
398 508
397 508
395 507
394 507
393 507
392 507
391 507
389 507
388 507
387 507
386 506
385 506
384 506
382 506
381 506
380 506
379 505
378 505
377 505
376 505
374 504
373 504
372 504
371 504
370 504
369 504
368 504
366 504
365 504
364 504
363 504
362 504
361 504
359 503
358 503
357 503
355 503
353 503
352 502
350 502
348 502
347 501
345 501
344 500
343 500
342 500
341 500
340 500
339 499
338 499
337 499
336 499
335 498
334 498
333 498
332 497
331 497
331 496
330 496
329 496
329 495
328 495
327 495
326 495
325 494
324 494
323 493
322 493
321 492
320 492
319 491
318 491
317 491
317 490
316 490
315 489
314 488
313 488
313 487
313 486
313 485
312 485
312 484
311 483
311 482
311 481
311 480
311 479
311 478
311 477
311 476
311 475
311 474
311 473
311 472
311 471
311 470
311 469
311 468
312 468
312 467
312 466
313 466
313 465
313 464
314 464
314 462
315 462
315 461
316 461
316 460
317 460
317 459
318 458
318 457
319 457
320 456
320 455
321 454
321 453
322 453
322 452
323 452
323 451
324 450
325 450
325 449
326 448
327 447
328 446
328 445
329 445
330 444
330 443
331 443
331 442
332 442
333 442
334 441
335 441
336 441
337 441
338 441
339 441
340 441
341 441
342 441
343 441
344 441
345 441
346 441
347 441
348 442
349 442
350 442
351 442
352 442
353 442
353 443
354 443
355 443
356 444
357 444
358 444
358 445
359 445
360 445
360 446
361 446
362 447
362 448
363 448
363 449
364 449
364 450
365 451
365 452
365 453
365 454
365 455
365 456
365 457
365 458
365 459
365 460
365 461
365 462
365 463
365 464
364 465
364 466
364 467
363 467
363 468
363 469
362 469
362 470
362 471
361 472
361 473
360 473
360 474
360 475
359 475
359 476
359 477
358 477
358 478
358 479
357 479
357 480
356 481
356 482
355 483
355 484
354 484
354 485
353 485
353 486
352 486
352 487
351 487
351 488
350 489
349 490
348 491
347 491
347 492
346 493
345 493
344 494
344 495
343 495
342 496
342 497
341 497
340 498
340 499
338 500
337 501
337 502
336 502
335 503
334 504
333 504
333 505
332 505
331 506
330 506
329 507
328 507
327 508
326 509
325 509
325 510
324 510
323 511
322 511
321 512
320 512
319 513
318 513
317 514
316 514
315 515
314 515
314 516
313 516
312 516
311 517
310 517
309 518
308 518
307 518
306 519
305 519
304 520
303 520
302 520
301 520
300 521
299 521
298 521
297 521
296 521
295 521
294 521
293 521
292 521
291 521
290 521
289 521
288 521
287 521
286 521
285 521
284 521
283 521
282 521
281 520
280 520
279 520
279 519
278 519
277 518
276 518
275 518
274 517
273 517
272 516
271 516
270 515
269 514
268 514
268 513
267 513
266 513
266 512
265 512
264 511
263 511
263 510
262 510
261 509
260 508
259 508
259 507
258 507
257 506
257 505
256 505
256 504
255 503
254 502
254 501
253 500
253 499
252 498
252 497
251 497
251 496
251 495
251 494
250 493
250 492
250 491
250 490
250 489
250 488
250 487
250 486
250 485
250 484
250 483
250 482
250 481
250 480
250 479
250 478
249 477
249 476
249 475
249 474
249 473
249 472
250 471
250 470
250 469
251 468
252 467
252 466
253 465
253 464
254 464
254 463
255 463
255 462
256 461
256 460
257 459
257 458
258 458
259 457
260 456
261 456
261 455
262 455
262 454
263 454
263 453
264 453
265 452
266 452
267 452
267 451
268 451
269 450
270 449
271 448
272 447
273 446
274 446
275 445
276 444
277 444
278 443
279 443
279 442
280 442
281 441
282 440
283 439
284 438
285 438
285 437
286 437
287 436
288 435
289 435
289 434
290 434
291 433
291 432
292 432
293 431
294 431
294 430
295 430
296 429
297 429
298 429
299 428
300 428
301 428
302 428
303 428
304 428
305 428
306 428
307 428
308 427
309 427
310 427
311 427
312 426
313 426
314 425
316 425
317 424
318 423
320 423
321 422
322 421
324 421
325 420
326 420
327 419
328 419
329 419
330 419
330 418
331 418
332 418
333 418
334 418
335 418
336 418
337 418
338 418
338 417
339 417
340 417
341 416
342 416
343 416
343 415
344 415
345 415
346 415
347 415
348 415
349 415
350 415
351 415
352 415
353 415
354 414
356 414
357 414
358 414
360 413
361 413
362 413
363 412
365 412
366 411
367 411
368 411
369 411
370 411
371 411
372 411
373 411
374 411
375 411
376 411
377 411
378 411
379 411
380 411
381 411
382 411
383 411
384 412
385 412
386 412
387 413
388 413
390 413
391 413
392 413
393 413
394 413
395 413
396 413
397 413
398 413
399 414
400 414
401 414
402 414
403 414
404 414
405 415
406 415
407 415
408 415
409 416
410 416
411 416
412 416
413 417
414 417
415 418
416 418
417 418
417 419
418 419
419 419
420 420
421 420
422 420
423 421
424 421
425 422
426 422
427 422
428 423
429 423
430 423
430 424
431 424
432 424
433 425
434 425
435 426
436 426
437 427
438 427
439 427
440 428
441 428
441 429
442 429
443 430
443 431
444 432
445 433
446 434
446 435
447 435
448 436
449 437
450 438
451 439
451 440
452 440
452 441
453 441
453 442
454 442
454 443
455 443
455 444
456 445
457 445
457 446
458 447
459 447
460 448
461 450
462 451
463 452
464 453
465 454
465 455
466 456
467 456
468 457
468 458
469 458
469 459
470 460
470 461
471 461
471 462
472 463
472 464
473 465
473 466
474 467
474 468
474 469
474 470
475 470
475 471
475 472
475 473
476 474
476 475
477 476
477 477
477 478
478 479
478 480
478 481
478 482
479 483
479 484
479 485
479 486
480 486
480 487
480 488
480 489
480 490
481 491
481 492
481 493
481 494
481 495
482 496
482 497
482 498
482 499
482 500
482 501
482 502
482 503
483 504
483 505
483 506
483 507
483 508
483 509
484 510
484 512
485 513
485 514
485 515
485 516
485 517
485 518
485 519
485 520
485 521
485 522
486 523
486 524
486 525
487 526
487 527
487 528
487 529
487 530
487 531
487 532
488 533
488 534
488 535
488 536
488 537
489 539
489 540
489 541
489 542
489 543
489 544
490 545
490 546
490 547
490 548
490 549
490 550
490 551
490 552
490 553
490 554
490 555
490 556
491 557
491 558
491 559
491 560
491 561
491 562
491 563
491 564
491 565
491 566
491 567
491 568
491 569
491 570
491 571
491 572
491 573
491 574
491 575
491 576
491 577
491 578
491 579
491 580
491 581
491 582
491 583
491 584
491 585
491 586
491 587
491 588
491 589
491 590
491 591
491 592
491 593
491 594
491 595
491 596
491 597
491 598
491 599
491 600
491 601
491 602
491 603
492 604
492 605
492 606
492 607
492 608
493 608
493 609
493 610
494 610
494 611
494 612
495 612
495 613
495 614
496 615
496 616
497 617
498 618
498 619
499 620
500 621
501 622
501 623
502 623
502 624
503 624
503 625
504 626
505 627
506 628
506 629
507 629
508 630
509 631
510 631
511 631
512 631
513 631
514 631
515 631
516 631
517 631
518 631
519 631
520 631
521 631
522 631
523 631
524 631
525 631
526 631
527 631
528 631
529 631
530 631
531 631
532 631
533 631
534 631
535 631
535 630
536 630
537 630
538 629
539 629
540 628
541 628
542 627
543 627
543 626
544 626
545 625
546 624
547 623
548 622
549 622
549 621
550 620
551 619
552 618
552 617
552 616
552 615
552 614
552 613
552 612
552 611
552 610
552 609
552 608
553 607
553 606
553 605
553 604
553 603
553 602
553 601
553 600
553 599
553 598
553 597
552 596
552 595
551 595
551 594
551 593
550 593
550 592
549 592
549 591
548 590
548 589
547 588
547 587
546 587
546 586
545 586
545 585
544 585
544 584
543 584
542 583
541 583
540 582
539 582
538 582
537 581
536 581
535 581
534 581
533 581
532 581
531 581
530 581
529 581
528 581
527 580
526 580
525 580
524 580
523 580
522 580
521 580
520 580
519 580
518 580
517 580
516 580
515 580
513 580
512 580
511 580
510 580
509 580
507 580
506 580
504 581
503 581
502 581
501 582
499 582
498 582
496 583
494 583
493 583
492 583
490 584
490 585
489 585
489 586
488 586
487 587
486 588
485 589
485 590
484 591
483 592
483 593
482 593
482 594
481 595
481 596
480 597
480 598
479 599
479 600
478 601
478 602
477 603
477 604
476 605
476 606
475 607
475 608
474 609
474 610
473 611
472 612
472 613
472 614
471 615
471 616
470 617
470 619
469 620
469 621
469 622
468 623
468 624
467 625
467 626
466 627
466 628
466 629
465 630
465 631
465 632
464 633
464 634
463 635
463 636
462 637
462 638
462 639
461 640
461 641
461 642
460 643
460 644
459 645
459 646
458 647
457 648
457 649
456 650
456 651
455 652
455 653
455 654
454 655
454 656
453 657
453 658
452 659
451 660
451 661
450 662
450 663
449 663
449 664
449 665
448 665
448 666
447 667
447 668
446 669
446 670
445 671
445 672
444 673
444 674
443 675
443 676
442 677
441 678
441 679
441 680
440 680
440 681
439 682
439 683
439 684
438 684
438 685
438 686
437 686
437 687
436 688
436 689
435 690
435 691
434 692
434 693
433 693
433 694
432 695
431 696
430 696
430 697
429 698
429 699
428 700
427 701
427 702
426 703
426 704
426 705
425 706
425 707
424 708
423 709
423 710
422 711
422 712
422 713
421 714
421 715
420 716
420 717
419 718
418 719
418 720
417 721
416 722
416 723
415 723
415 724
414 724
414 725
413 725
412 726
411 727
410 728
409 728
408 729
408 730
407 730
406 731
405 731
405 732
404 732
403 733
402 734
401 734
401 735
400 735
399 736
398 737
397 738
396 739
395 739
395 740
394 740
393 741
392 742
391 743
390 744
389 745
388 746
387 746
387 747
386 748
385 748
385 749
384 749
383 750
382 751
381 752
380 753
379 753
379 754
378 754
377 755
376 756
375 756
374 757
373 757
372 758
371 758
370 758
369 759
368 759
367 759
367 760
366 760
365 760
365 761
364 761
363 762
362 763
361 763
360 764
359 764
359 765
358 765
356 766
355 766
354 766
353 767
352 767
351 767
350 767
348 768
347 768
346 768
345 769
344 769
343 769
342 770
341 770
339 770
338 771
337 771
336 771
335 771
334 771
333 772
331 772
330 772
329 772
328 772
327 772
326 772
325 772
324 773
323 773
322 773
321 773
320 773
319 773
318 773
317 773
316 773
315 774
314 774
313 774
312 774
311 774
310 774
309 774
308 774
307 774
306 774
305 774
304 774
303 774
302 774
301 774
300 774
299 774
298 774
297 774
296 774
295 774
294 774
293 774
292 774
291 774
290 774
289 774
288 774
287 774
286 774
285 774
284 774
283 774
282 774
281 774
280 774
279 774
278 774
276 774
274 774
273 774
272 774
271 773
270 773
269 773
268 773
267 773
266 773
265 773
264 773
263 773
262 772
260 772
259 772
258 771
257 771
256 771
255 771
254 771
253 771
252 771
251 770
250 770
249 770
248 770
247 770
246 769
245 769
244 769
243 769
242 769
241 769
240 768
239 768
238 768
237 767
236 767
234 766
233 766
232 766
231 765
230 765
229 765
228 765
227 764
226 764
225 764
224 763
223 763
222 763
221 763
220 762
219 762
218 761
217 761
216 760
215 760
215 759
214 759
213 758
212 758
211 757
210 757
210 756
209 756
208 756
207 755
206 755
206 754
205 754
204 753
203 752
202 751
201 751
201 750
200 750
199 749
198 749
198 748
197 748
197 747
196 747
195 746
194 746
193 745
193 744
192 744
191 743
190 742
189 742
188 742
188 741
187 741
186 741
186 740
185 740
184 739
183 738
182 737
181 737
181 736
180 736
179 735
178 734
177 734
177 733
176 733
176 732
175 732
175 731
174 731
174 730
173 730
173 729
172 729
172 728
171 728
171 727
170 727
169 726
168 725
167 724
166 723
165 722
165 721
164 721
164 720
163 719
163 718
162 718
162 717
161 716
161 715
160 714
159 713
159 712
159 711
158 711
158 710
158 709
158 708
157 707
157 706
157 705
157 704
156 704
156 703
156 702
155 701
155 700
155 699
155 698
154 697
154 696
153 695
153 694
153 693
153 692
152 691
152 690
152 689
152 688
152 687
151 685
151 684
151 683
151 682
151 681
151 680
151 679
151 678
151 677
151 676
151 675
151 674
151 673
151 672
151 671
151 670
151 669
151 668
151 667
151 666
151 665
151 664
151 663
151 662
150 661
150 660
150 659
150 658
150 657
150 656
150 655
150 654
150 653
150 652
151 651
151 650
151 648
151 647
151 646
152 645
152 644
152 643
152 642
152 641
153 640
153 639
153 638
153 637
154 635
154 633
154 631
154 630
154 628
155 627
155 626
155 625
155 624
156 623
156 622
156 621
157 620
157 619
157 618
157 616
157 615
158 614
158 613
158 612
158 611
158 610
158 609
159 608
159 607
159 606
160 605
160 604
160 603
161 602
161 601
161 600
161 599
161 598
161 597
162 596
162 595
162 594
162 593
163 592
163 591
163 590
163 588
164 587
164 586
165 584
165 582
165 581
166 580
166 579
166 578
166 576
167 575
167 574
167 573
167 572
168 570
168 569
168 568
169 567
169 566
169 565
169 564
169 563
169 562
170 561
170 560
170 559
170 558
171 557
171 556
171 555
171 554
171 553
171 552
171 551
171 550
171 549
171 548
171 547
172 546
172 545
172 544
172 543
173 542
173 541
173 540
173 539
173 538
173 537
174 536
174 535
174 534
174 533
174 532
175 531
175 530
175 529
176 527
176 526
176 525
176 524
177 523
177 522
177 521
177 520
178 519
178 518
178 517
179 516
179 515
179 514
179 513
180 512
180 511
180 510
181 509
181 508
181 507
181 506
181 505
182 504
182 503
182 502
182 501
182 500
183 499
183 498
183 497
183 496
184 495
184 494
184 493
184 492
184 491
185 490
185 489
185 488
185 487
186 486
186 485
186 484
187 483
187 482
187 481
187 480
188 479
188 478
188 477
189 476
189 475
190 474
190 473
191 472
191 471
191 469
192 468
192 467
192 466
193 465
193 464
193 463
194 462
194 461
194 460
195 459
195 458
195 457
195 456
195 455
195 454
196 453
196 452
196 451
197 450
197 449
197 448
197 447
197 446
197 445
198 444
198 443
198 442
199 441
199 440
199 439
199 438
200 437
200 436
200 435
201 434
201 433
201 432
201 431
201 430
201 429
202 428
202 427
202 426
202 425
202 424
203 423
203 422
203 421
203 420
204 419
204 418
204 417
204 416
205 415
205 414
205 413
205 412
205 411
206 410
206 409
206 408
206 407
206 406
206 405
206 404
206 403
207 401
207 400
207 399
207 398
208 397
208 396
208 394
208 393
208 392
209 391
209 390
209 389
209 388
210 387
210 386
210 385
211 383
211 382
211 381
211 380
211 379
211 378
212 377
212 376
212 375
212 374
212 373
212 372
212 371
212 370
212 369
212 368
212 367
212 366
212 365
211 365
211 364
210 363
210 362
210 361
210 360
209 359
209 358
209 357
209 356
209 355
208 355
208 354
208 353
207 353
207 352
206 351
205 350
205 349
204 348
203 348
202 347
201 347
201 346
200 346
199 346
198 346
197 346
196 346
195 346
194 346
193 346
192 346
191 346
190 346
189 346
188 346
187 346
186 347
185 347
184 347
183 347
182 348
181 348
180 349
179 349
179 350
178 350
177 350
177 351
176 351
175 351
175 352
174 352
174 353
173 354
172 354
171 355
171 356
170 357
169 358
169 359
168 360
167 361
167 362
167 363
166 363
166 364
166 365
165 366
165 367
165 368
165 369
164 369
164 370
164 371
163 371
163 372
162 373
161 374
161 375
160 376
160 377
160 378
160 379
160 380
159 381
159 382
158 383
158 384
158 385
158 386
158 387
158 388
158 389
158 390
157 391
157 392
157 393
156 393
156 394
156 395
156 396
156 397
156 398
156 399
155 399
155 400
155 401
155 402
154 403
154 404
153 405
153 406
153 407
152 408
152 409
152 410
151 411
151 412
151 413
150 413
150 414
150 415
150 416
149 416
149 417
149 418
149 419
148 420
148 421
148 422
147 423
147 424
147 425
146 426
146 427
146 428
146 429
146 430
145 430
145 431
144 432
144 433
143 435
143 436
142 438
141 440
141 442
140 443
139 445
138 447
138 448
137 450
137 451
136 452
136 453
135 454
135 455
134 455
134 456
134 457
134 458
133 458
133 459
133 460
133 461
132 462
132 463
131 464
131 465
131 466
131 467
130 468
130 469
129 470
129 472
129 473
128 474
128 475
128 476
127 477
126 479
126 480
125 482
124 483
124 485
123 487
123 489
122 492
121 494
120 496
120 498
119 500
118 502
118 504
117 505
116 507
116 509
115 510
115 511
114 512
114 513
114 514
113 515
113 516
113 517
112 517
112 518
111 519
111 520
111 521
111 522
110 523
110 524
110 525
109 525
109 526
109 527
109 528
