283 429
281 429
280 430
279 430
278 430
277 430
275 430
274 431
273 431
272 431
271 431
270 431
269 431
268 431
267 431
266 431
265 431
264 431
263 431
262 431
261 431
260 431
259 431
258 431
257 431
256 431
255 431
254 431
253 431
252 431
251 431
250 431
249 430
248 430
247 429
246 429
245 429
244 429
243 429
242 429
241 429
240 429
239 429
238 429
237 429
237 428
236 427
235 427
235 426
234 426
234 425
233 425
232 424
231 424
230 423
229 423
229 422
228 421
227 421
227 420
226 420
225 419
224 418
224 417
223 417
222 416
221 415
220 414
220 413
219 413
219 412
218 412
218 411
217 410
217 409
216 408
215 407
215 406
214 405
214 404
213 403
213 402
213 401
213 400
212 399
212 398
212 397
212 396
212 395
212 394
212 393
212 392
212 391
212 390
212 389
212 388
211 387
211 386
211 385
211 384
211 383
212 383
212 382
212 381
213 381
213 380
213 379
214 379
214 378
215 378
215 377
215 376
216 376
217 376
218 376
219 376
220 376
221 376
221 375
222 375
223 375
224 374
225 374
226 374
227 374
228 374
229 373
230 373
231 372
232 372
233 372
234 372
235 372
236 372
237 372
238 372
238 371
239 371
240 371
241 371
242 371
243 371
243 370
244 370
245 370
246 370
247 370
248 370
249 370
250 369
251 369
252 369
253 369
254 369
255 368
256 368
257 368
258 368
259 368
259 367
260 367
261 367
262 367
262 366
263 366
264 366
265 366
266 365
267 365
268 364
269 364
270 364
271 364
272 363
273 363
274 363
275 363
276 362
277 362
278 362
279 362
280 361
281 361
282 361
283 360
284 360
285 360
286 360
286 359
287 359
288 359
289 358
290 358
291 358
292 357
293 357
294 357
294 356
295 356
296 355
297 355
298 354
299 353
300 353
301 352
302 351
303 350
304 349
305 348
306 347
307 346
308 345
309 344
310 344
310 343
311 342
312 341
313 340
313 339
314 338
315 337
315 336
316 335
317 334
317 333
318 332
318 331
319 330
319 329
320 328
320 326
320 325
320 324
321 322
321 320
321 319
321 318
321 317
321 315
321 313
321 311
321 310
321 309
321 308
320 307
320 306
319 305
318 305
318 304
317 303
316 302
315 301
314 300
313 299
313 298
312 298
311 297
310 296
309 296
308 295
308 294
307 294
306 294
305 293
303 292
302 292
301 291
300 291
299 291
298 291
297 291
296 290
295 290
294 290
293 290
292 290
290 290
288 290
286 290
284 290
282 290
280 290
279 290
278 290
277 290
276 290
275 290
274 290
273 290
272 290
270 290
269 290
267 290
266 290
265 290
263 290
262 290
261 290
260 290
259 290
258 290
257 289
256 289
255 289
254 289
253 289
251 289
250 289
248 289
246 289
244 289
242 289
240 289
238 289
237 289
235 289
234 289
233 289
232 289
231 289
230 289
229 288
228 288
227 288
226 288
225 288
224 287
222 287
220 287
219 286
218 285
217 285
216 284
215 284
215 283
214 283
213 281
212 281
211 280
210 279
209 278
208 277
207 276
207 275
206 274
205 273
204 273
204 272
204 271
203 271
203 270
203 269
203 268
203 266
202 264
202 262
201 260
201 259
201 257
200 256
200 255
200 254
200 253
200 251
200 250
200 247
200 246
200 244
200 242
200 240
200 239
200 237
200 236
200 234
200 233
200 232
200 231
200 230
201 229
202 228
203 226
204 223
205 220
206 217
207 214
208 211
209 208
210 206
210 204
210 203
211 202
211 201
212 201
213 199
214 197
215 194
217 192
218 190
219 188
220 186
221 184
221 183
222 182
223 181
223 180
224 180
225 179
227 177
228 175
230 173
232 171
234 169
236 168
238 166
240 165
241 164
242 163
243 162
244 161
245 160
246 160
247 160
248 160
249 159
250 159
251 158
253 157
255 157
256 156
258 155
260 154
261 153
263 152
265 151
267 151
268 151
269 151
271 151
273 151
274 151
276 151
277 151
279 151
280 151
281 151
283 151
284 151
286 151
287 151
289 151
291 151
293 151
295 151
296 151
298 151
299 151
301 151
303 151
305 151
306 151
308 151
310 151
312 151
315 151
317 151
320 151
323 151
325 151
326 151
328 151
329 151
330 151
331 151
333 150
336 150
338 149
342 148
345 148
348 147
351 146
354 145
357 144
360 143
363 142
366 141
368 140
370 140
372 139
374 138
376 137
378 136
380 135
381 134
383 134
384 133
386 132
387 132
389 131
391 131
392 130
394 129
396 129
398 128
400 127
402 127
404 126
406 125
407 125
409 124
411 123
413 123
416 122
417 121
419 121
421 120
422 119
424 119
425 118
427 117
428 116
429 116
431 116
432 115
433 115
435 114
436 114
437 114
439 114
441 113
443 113
445 112
447 112
450 111
453 111
457 111
460 110
463 110
466 110
470 110
473 109
476 109
479 109
483 109
486 108
489 108
492 108
495 108
498 108
501 108
503 108
506 108
508 108
510 108
513 108
514 108
516 108
518 108
520 108
521 108
523 108
525 108
528 108
530 108
533 108
536 108
539 109
543 109
547 110
551 110
554 111
558 112
565 114
567 114
569 115
571 116
573 118
575 119
578 121
581 123
584 125
587 128
590 130
593 133
596 137
599 139
602 142
605 145
607 147
609 149
610 150
612 152
613 153
614 155
615 157
616 159
618 161
619 163
621 166
623 168
625 171
626 174
628 176
629 178
629 179
630 179
630 181
632 183
633 184
633 186
634 187
635 189
636 192
637 195
639 198
640 202
642 205
643 208
644 211
645 214
646 217
646 218
647 219
647 220
647 222
648 223
648 224
648 225
648 226
649 228
649 230
650 231
650 233
650 234
651 235
651 237
651 238
651 239
651 240
651 241
651 242
651 244
651 246
651 247
651 250
651 252
651 255
651 257
651 259
651 262
651 265
652 268
652 270
652 271
652 273
652 275
652 277
652 279
652 281
652 283
651 286
651 288
651 291
650 294
650 297
649 300
649 303
648 307
647 310
647 312
647 314
646 316
645 318
645 320
644 321
644 323
643 326
642 328
642 330
641 332
640 335
640 338
639 341
638 344
637 347
637 349
636 351
635 353
634 355
634 357
633 359
632 360
632 363
631 365
630 366
630 368
629 370
628 373
627 375
626 378
625 381
624 383
623 386
622 388
621 390
620 392
619 394
617 396
616 397
615 399
614 401
612 404
611 405
609 408
608 410
606 412
604 414
601 416
599 418
597 420
595 422
592 424
590 426
588 428
585 430
583 432
580 434
578 436
575 437
572 439
570 440
567 441
563 443
559 444
555 446
550 447
544 447
538 448
534 448
530 449
527 450
525 451
524 452
523 453
522 454
521 455
520 456
519 457
519 458
518 459
516 460
515 461
513 462
512 464
504 468
501 470
498 472
496 473
493 475
490 476
487 477
485 478
483 478
481 479
480 479
479 479
478 480
476 480
472 481
469 481
466 482
464 482
461 482
458 483
454 484
452 484
450 484
447 485
445 486
443 486
441 487
440 487
439 487
438 488
436 489
434 489
433 490
431 491
429 492
427 494
425 496
423 497
421 499
419 501
417 503
415 505
413 507
411 509
410 510
409 511
409 512
408 513
407 514
405 515
404 516
403 517
401 519
400 520
398 522
397 523
396 525
394 526
393 527
392 528
391 529
390 529
389 530
388 531
386 532
385 532
384 533
383 533
382 534
381 534
380 534
379 534
378 535
377 535
376 535
375 536
374 536
373 537
372 537
371 538
370 538
369 538
368 538
367 538
365 539
363 539
360 541
359 541
358 542
357 542
356 542
355 542
353 542
352 542
351 542
350 542
349 542
347 542
346 542
345 542
345 541
344 541
343 541
342 541
341 541
340 541
340 540
339 540
338 538
337 538
336 538
335 538
