190 914
190 913
189 913
189 912
189 911
189 910
188 910
188 909
188 908
188 907
188 906
188 905
188 904
188 903
188 902
188 901
188 900
188 899
188 898
188 897
188 896
188 895
188 894
188 893
188 892
188 891
188 890
188 889
188 888
188 887
188 886
188 885
188 884
188 883
188 882
188 880
188 879
188 878
188 877
188 876
188 875
188 874
188 873
188 872
188 871
188 870
188 869
188 868
188 867
188 866
188 865
188 864
188 863
188 862
188 861
188 860
188 859
188 858
188 857
188 856
188 855
188 854
188 853
188 852
188 851
188 850
188 849
188 848
188 847
188 846
188 845
188 844
188 843
188 842
188 841
188 840
189 839
189 838
189 837
189 836
189 835
189 834
189 833
189 832
189 831
189 830
189 829
189 828
189 827
189 826
189 825
189 824
189 823
189 822
189 821
189 820
189 819
189 818
189 817
189 816
189 815
189 814
189 813
189 812
189 811
189 810
189 809
189 808
189 807
189 806
189 805
189 804
189 803
189 802
189 801
189 800
189 799
189 798
189 797
189 796
189 795
189 794
189 793
189 792
189 791
189 790
189 789
189 788
189 787
189 786
189 785
189 783
189 782
189 781
189 780
189 779
189 778
189 777
189 776
189 775
189 774
189 773
189 772
189 771
189 770
189 769
189 768
189 767
190 766
190 765
190 764
190 763
190 762
190 761
190 760
190 759
190 758
190 757
190 755
190 754
190 753
191 752
191 751
191 750
191 749
191 748
191 747
191 746
191 745
192 744
192 743
192 742
192 741
192 740
192 739
192 738
192 737
192 736
192 735
192 734
192 731
192 730
192 729
193 728
193 727
193 726
193 725
193 724
193 723
193 722
193 721
193 720
193 719
193 718
193 717
193 716
193 715
193 714
193 713
193 712
194 711
194 710
194 709
194 708
194 707
194 706
194 705
194 704
194 703
194 702
195 701
195 700
195 699
195 698
195 697
195 696
195 695
195 694
195 693
195 692
195 691
195 690
195 689
195 688
195 687
195 686
195 685
195 684
195 683
195 682
195 681
195 680
195 679
195 678
195 677
195 676
195 675
195 674
195 673
195 672
195 671
196 669
196 667
196 666
197 664
197 663
197 662
197 661
197 660
197 659
197 658
197 657
197 656
198 654
198 653
198 652
198 651
198 650
198 649
198 648
198 647
198 646
198 645
198 644
199 643
199 642
199 641
199 640
199 639
199 638
199 636
200 635
200 634
200 633
200 632
200 631
200 630
200 629
200 628
201 627
201 626
201 625
201 624
201 623
202 622
202 621
202 620
202 619
202 618
202 617
203 616
203 615
203 614
203 613
203 612
203 611
203 610
203 609
203 608
204 607
204 606
204 605
204 604
204 603
204 602
205 601
205 600
205 599
205 598
205 597
205 596
205 595
205 594
205 593
205 592
206 591
206 590
206 589
206 588
206 587
207 586
207 585
207 584
207 583
207 582
207 581
207 580
207 579
207 578
207 577
208 577
208 576
208 575
208 574
208 573
208 572
209 571
209 570
209 569
209 568
209 567
210 566
210 565
210 564
211 563
211 562
211 560
212 559
212 558
212 557
212 556
212 555
212 554
212 553
212 552
212 551
212 550
213 549
213 548
213 547
213 546
214 544
214 542
214 541
214 540
215 539
215 538
215 537
215 536
215 535
215 534
216 533
216 532
216 531
216 530
216 529
217 527
217 526
217 525
217 524
217 523
218 522
218 521
218 520
218 519
218 518
219 517
219 515
219 513
219 512
220 510
220 509
220 508
220 507
220 506
220 505
220 504
220 503
221 502
221 501
221 500
221 499
221 498
222 497
222 496
222 495
222 494
223 493
223 492
224 491
224 490
224 489
225 488
225 487
225 486
225 485
225 484
225 483
226 482
226 481
226 480
226 479
226 478
226 477
226 476
227 475
227 474
227 473
228 472
228 471
228 470
229 468
229 467
229 466
230 465
230 464
230 463
230 462
231 461
231 460
231 459
232 459
232 458
232 457
233 456
233 455
234 454
234 453
234 452
235 451
235 450
236 450
236 449
236 448
237 448
237 447
237 446
238 445
238 444
239 443
239 442
240 442
240 441
241 441
241 440
242 440
243 439
244 438
245 437
246 437
246 436
247 436
247 435
248 434
249 433
250 432
251 431
252 430
253 429
254 429
254 428
255 428
255 427
256 427
256 426
257 425
258 425
259 424
259 423
260 422
260 421
261 420
262 419
263 419
263 418
264 417
265 417
265 416
266 416
267 416
268 416
269 416
270 416
271 416
272 416
273 416
274 416
275 416
276 416
277 416
278 416
279 416
280 416
281 416
282 416
283 416
284 416
285 416
286 416
287 416
288 416
289 416
290 416
291 416
292 416
293 416
294 416
295 416
296 416
297 416
298 416
299 417
300 417
301 417
302 417
303 418
304 418
304 419
305 420
306 420
306 421
307 421
307 422
308 422
308 423
309 424
310 424
310 425
311 425
311 426
312 426
313 427
314 428
315 428
315 429
316 429
316 430
317 430
317 431
318 431
318 432
319 432
320 433
320 434
321 434
321 435
322 436
322 437
323 437
323 438
324 439
324 440
325 441
325 442
326 443
326 444
326 445
326 446
327 447
327 448
327 449
327 450
327 451
328 452
328 453
328 454
328 455
328 456
328 457
328 458
328 459
328 460
328 461
328 462
328 463
328 464
328 465
328 466
328 467
328 468
328 469
328 470
328 471
327 472
327 473
327 474
327 475
327 476
326 480
325 480
325 481
325 482
325 483
324 484
324 485
323 485
323 486
323 487
323 488
322 488
322 489
321 489
321 490
320 491
319 492
318 493
317 494
316 494
316 495
314 496
313 496
313 497
312 498
311 498
310 499
309 500
309 501
308 501
307 502
306 503
305 504
304 505
303 505
303 506
302 506
302 507
301 507
301 508
300 508
299 509
298 509
297 510
296 510
295 511
294 511
293 512
292 512
291 513
289 514
288 514
287 514
286 515
285 515
284 516
283 516
282 516
281 517
280 517
279 517
278 517
277 518
276 518
274 518
273 518
272 519
271 519
270 519
269 519
267 520
266 520
265 520
264 520
263 520
262 520
261 520
260 520
259 520
258 520
257 520
256 520
255 520
254 520
253 520
252 520
251 520
250 520
249 520
248 520
247 520
246 520
246 519
245 519
244 519
243 518
242 518
241 517
240 517
239 517
239 516
238 516
237 516
236 516
236 515
235 515
234 515
233 515
232 514
231 514
230 513
229 513
229 512
228 512
227 512
226 511
225 511
224 510
223 510
223 509
222 509
222 508
221 508
221 507
219 506
219 505
218 505
217 504
216 504
216 503
215 503
215 502
214 501
213 500
213 499
212 499
212 498
211 498
211 497
210 496
209 495
209 494
209 493
208 492
208 491
207 491
207 490
207 489
206 489
206 488
206 487
205 486
205 485
204 484
204 483
203 482
203 481
203 480
203 479
202 478
202 477
201 476
201 475
201 474
201 473
201 472
201 471
200 470
200 469
200 468
200 467
200 466
200 465
200 464
200 463
200 462
200 461
200 460
200 459
200 458
200 457
200 456
200 455
200 454
200 453
199 452
199 451
199 450
199 449
200 448
200 447
200 446
200 445
200 444
201 443
201 442
201 441
201 440
202 439
202 438
202 437
203 436
203 435
203 434
203 433
204 432
204 431
204 430
204 429
205 428
205 427
205 426
205 425
205 424
205 423
206 422
206 421
207 420
207 419
207 418
208 417
208 416
208 415
209 415
209 414
209 413
210 412
210 411
211 410
211 409
212 408
212 407
213 406
214 405
214 404
215 403
215 402
216 402
216 401
217 400
217 399
218 399
218 398
219 398
219 397
220 396
221 395
222 394
222 393
223 393
224 392
225 391
225 390
226 390
227 389
228 388
228 387
229 387
229 386
230 386
231 385
231 384
232 384
233 383
234 382
235 382
235 381
236 381
237 380
238 380
238 379
239 379
239 378
240 378
241 378
241 377
242 377
243 377
244 377
244 376
245 376
246 375
247 375
247 374
248 374
248 373
249 373
250 372
251 372
251 371
252 371
252 370
253 370
254 369
255 369
256 368
257 367
258 367
259 366
260 365
261 365
262 365
262 364
263 364
264 364
264 363
265 363
266 363
267 363
267 362
268 362
269 362
270 362
271 362
272 361
273 361
274 361
275 361
276 361
277 361
277 360
278 360
279 360
280 360
281 360
282 359
283 359
284 359
285 359
286 358
287 358
289 357
290 357
291 357
292 357
292 356
293 356
294 356
295 356
296 356
297 355
298 355
299 355
300 355
300 354
301 354
302 354
302 353
303 353
304 353
305 353
306 353
307 353
307 352
308 352
309 352
310 352
311 352
312 352
313 351
314 351
315 351
316 351
317 351
318 350
319 350
320 350
321 350
322 350
323 349
324 349
325 349
326 349
327 349
328 349
328 348
329 348
330 348
331 348
332 348
333 348
334 348
335 347
336 347
337 347
338 347
339 347
340 347
341 347
342 346
343 346
344 346
345 346
346 346
347 346
348 346
348 345
349 345
350 345
351 345
352 345
353 345
354 345
355 344
356 344
357 344
358 344
359 344
360 344
361 344
362 344
363 344
364 343
365 343
366 343
367 343
368 343
369 343
370 343
371 343
372 343
373 343
374 343
375 343
376 343
377 343
378 343
379 343
380 343
381 343
382 343
383 343
384 343
385 343
386 343
387 343
388 343
389 343
390 343
391 343
392 343
393 344
394 344
395 344
396 344
397 344
397 345
398 345
399 345
400 345
401 345
402 345
403 346
404 346
405 346
406 346
408 347
409 347
410 347
411 348
412 348
414 348
415 348
416 348
417 348
418 349
419 349
420 349
421 349
422 349
423 350
424 350
425 350
426 350
427 351
428 351
429 351
430 351
431 352
432 352
433 353
434 353
435 353
436 353
437 353
437 354
438 355
439 355
440 355
440 356
441 356
442 357
443 357
443 358
444 358
444 359
445 359
446 360
447 360
448 361
449 362
450 363
451 363
451 364
452 364
453 364
453 365
454 365
454 366
455 366
456 367
457 367
457 368
458 368
459 368
459 369
460 369
461 370
462 370
463 371
464 372
465 372
465 373
466 373
466 374
467 374
467 375
468 375
469 376
470 377
471 377
471 378
472 379
473 380
473 381
474 382
475 383
475 384
476 385
476 386
477 387
478 388
478 389
479 389
479 390
480 391
480 392
481 392
481 393
481 394
482 394
482 395
482 396
483 396
483 397
483 398
484 398
484 399
485 400
485 401
485 402
486 402
486 403
486 404
487 405
487 406
488 406
488 407
488 408
489 409
489 410
490 411
490 412
490 413
491 414
491 415
491 416
491 417
491 418
492 419
492 420
492 421
493 422
493 423
493 424
494 425
494 426
494 427
494 428
495 429
495 430
495 431
495 432
496 433
496 434
496 435
496 436
497 437
497 438
497 439
497 440
497 441
498 442
498 443
498 444
498 445
498 446
498 447
498 448
498 449
498 450
498 451
498 452
498 453
498 454
498 455
498 456
498 457
498 458
498 460
498 461
498 462
498 463
498 464
498 465
498 466
499 466
499 467
499 468
499 469
499 470
499 471
499 472
499 473
499 474
499 475
499 476
499 477
499 478
499 479
499 480
500 481
500 483
500 484
500 485
501 487
501 488
501 489
501 490
501 491
501 492
501 493
501 494
501 495
501 496
501 497
501 498
501 499
501 500
501 502
501 503
501 504
501 505
501 506
501 507
501 508
501 509
501 510
501 511
500 511
500 512
500 513
500 514
500 515
499 515
499 516
499 517
499 518
499 519
498 520
498 521
498 522
498 523
498 524
497 525
497 526
497 527
497 528
496 529
496 530
496 531
495 531
495 532
495 533
494 533
494 534
494 535
493 536
493 537
492 538
492 539
491 540
490 542
489 543
489 544
488 545
487 546
486 547
486 548
485 549
484 550
483 551
482 552
481 553
480 554
479 555
478 555
477 556
476 556
476 557
475 557
473 558
472 558
471 559
470 559
469 560
468 560
467 561
466 561
464 562
463 562
461 563
460 563
458 563
457 564
455 564
454 564
453 564
452 564
451 564
450 564
449 564
448 564
447 564
446 564
445 564
444 564
443 563
442 563
441 563
440 563
438 563
437 562
435 562
434 562
432 561
431 561
430 561
428 560
427 560
426 560
425 559
424 559
423 559
422 558
421 557
420 557
419 556
418 556
418 555
417 555
416 554
415 553
414 553
413 552
412 552
412 551
411 550
410 550
409 549
408 549
408 548
407 547
406 547
405 546
405 545
404 545
403 544
402 543
401 542
400 541
399 540
399 539
398 539
397 538
397 537
396 536
395 536
395 535
394 534
393 533
392 532
391 532
391 531
390 530
390 529
389 528
388 527
387 526
387 525
386 524
386 523
385 522
385 521
385 520
384 519
383 518
383 517
382 516
382 515
381 514
381 513
380 512
380 511
379 510
379 509
378 508
378 507
378 505
377 504
377 503
377 502
376 501
376 500
376 499
376 498
375 497
375 496
375 495
375 494
375 493
375 492
375 491
375 490
375 488
375 487
375 486
375 485
375 484
375 483
375 482
375 481
375 480
375 479
375 478
375 477
375 475
375 474
375 473
375 472
375 471
375 470
375 469
375 468
375 467
375 466
375 465
375 464
375 463
375 461
376 460
376 459
377 458
377 456
378 455
378 454
379 453
379 452
380 451
380 450
381 449
382 448
382 447
382 446
383 446
383 445
383 444
384 443
385 442
385 441
386 441
387 440
387 439
388 438
388 437
389 437
389 436
390 435
391 434
392 433
393 433
394 432
395 432
396 431
397 431
398 431
399 430
400 430
400 429
401 429
402 429
402 428
403 428
404 428
405 427
406 427
407 427
408 427
408 426
409 426
411 425
412 425
413 424
414 424
415 424
416 424
417 424
418 424
419 424
420 424
420 423
421 423
422 423
423 423
424 422
425 422
426 422
427 422
428 422
428 421
429 421
430 421
431 421
432 421
433 420
434 420
435 420
436 420
437 419
438 419
439 419
440 419
441 418
442 418
443 418
444 418
445 417
446 417
447 416
448 416
449 416
451 415
452 415
453 415
454 414
456 414
457 414
458 414
459 413
461 413
462 413
463 413
464 412
465 412
466 412
467 411
468 411
469 411
470 410
471 410
472 410
473 410
474 410
475 410
475 409
476 409
477 409
478 409
478 408
479 408
480 408
481 408
482 408
483 408
484 408
485 407
486 407
487 407
489 407
490 407
491 407
492 407
493 407
494 407
495 407
496 407
497 407
498 407
500 407
501 407
502 407
503 407
504 407
505 407
506 407
507 407
508 407
509 407
510 407
511 408
512 408
513 408
514 408
515 408
516 408
517 408
518 409
519 409
520 409
521 409
522 410
523 410
524 410
526 410
527 411
528 411
529 411
530 412
531 412
532 412
533 413
534 413
535 413
536 413
537 414
538 414
539 415
540 415
541 415
542 416
543 416
544 417
545 417
546 418
547 418
548 418
549 419
550 419
551 420
552 420
553 420
553 421
554 421
555 422
556 422
557 423
558 423
559 424
561 425
562 426
564 427
565 428
566 429
567 430
569 431
570 432
571 433
571 434
572 434
573 435
574 436
575 437
576 438
576 439
577 440
578 441
582 447
582 448
583 449
583 450
584 451
585 452
586 453
586 454
587 454
587 455
588 456
588 457
588 458
589 459
590 461
591 462
591 464
592 465
593 466
593 467
594 468
594 469
594 470
594 471
595 471
595 472
595 473
596 474
596 475
597 476
597 478
598 480
598 482
599 484
599 486
599 487
600 489
600 490
600 491
600 492
600 493
600 494
600 495
600 496
600 497
600 498
600 499
601 500
601 501
601 503
601 504
601 506
601 507
601 509
601 511
601 512
601 514
601 515
601 517
601 518
601 519
601 520
601 521
601 522
601 523
601 524
601 526
601 528
601 530
601 532
601 534
601 536
601 538
601 540
601 542
601 543
601 545
601 546
601 548
601 549
601 550
601 551
601 552
601 553
601 554
601 555
601 556
601 557
601 559
601 560
600 562
600 564
600 566
600 568
600 569
600 571
600 573
600 574
600 576
600 577
599 578
599 579
599 580
599 582
599 584
598 585
598 586
598 587
598 588
598 589
598 590
598 591
598 592
598 593
598 594
597 595
597 596
597 597
597 598
597 599
596 600
596 601
596 602
595 604
595 605
595 606
595 607
595 608
595 609
594 609
594 610
594 611
594 612
594 613
593 614
593 615
593 617
593 618
592 619
592 620
592 621
592 622
592 623
592 624
592 625
591 626
591 627
591 628
591 629
590 630
590 631
589 632
589 633
589 634
588 635
588 636
588 637
587 637
587 638
587 639
586 640
586 641
586 642
585 643
584 644
584 645
584 646
583 646
583 647
582 648
582 649
582 650
581 651
581 652
580 653
580 654
580 655
579 655
579 656
579 657
578 658
578 659
577 659
577 660
577 661
576 662
576 663
575 664
575 665
574 666
574 667
573 668
572 669
572 670
571 671
570 672
570 674
569 675
568 676
568 677
567 678
566 679
566 680
565 681
564 682
563 683
563 684
562 684
561 685
560 686
559 687
559 688
558 688
557 689
557 690
556 691
555 691
555 692
554 693
553 693
553 694
552 695
551 695
551 696
550 696
550 697
550 698
549 698
549 699
548 699
548 700
547 700
546 701
545 702
544 703
543 704
542 704
542 705
541 705
540 706
539 706
539 707
538 707
538 708
537 708
536 709
535 709
535 710
534 710
533 711
532 711
532 712
531 712
530 713
529 714
528 714
528 715
527 715
527 716
526 716
526 717
525 717
524 717
524 718
523 718
522 719
521 720
520 720
519 721
518 721
517 722
516 722
515 723
514 723
513 723
512 724
511 724
510 725
509 725
508 725
507 726
506 726
505 727
504 727
503 727
502 728
500 729
499 729
498 729
497 729
496 729
495 730
494 730
493 731
492 731
491 731
490 731
489 731
488 732
487 732
486 732
485 732
484 733
483 733
482 733
481 734
480 734
479 734
478 734
477 734
476 734
475 734
474 735
473 735
472 735
471 735
470 735
469 735
468 735
467 735
466 735
465 736
464 736
463 736
462 736
461 736
459 737
457 737
456 737
454 738
453 738
452 738
451 738
450 738
449 738
448 738
446 738
445 738
444 739
442 739
441 739
440 739
439 739
438 739
437 739
435 740
434 740
433 740
432 740
431 740
429 741
