116 315
118 314
119 313
120 313
120 312
121 312
121 311
122 311
122 310
123 309
124 308
124 307
125 306
126 305
126 304
127 303
127 302
128 302
128 301
128 300
129 300
129 299
129 298
130 298
130 297
131 296
131 295
132 295
132 294
133 293
133 292
134 292
134 291
134 289
135 289
135 288
135 287
136 286
137 285
137 284
137 283
138 282
138 281
138 280
139 279
139 278
139 277
140 276
141 275
141 274
141 273
141 272
141 271
142 270
142 269
142 268
142 267
142 266
143 265
143 264
143 263
144 262
144 261
144 260
144 259
144 263
144 264
144 265
144 266
144 267
144 268
144 269
144 270
144 271
144 272
144 273
144 274
144 275
144 276
144 277
144 278
144 279
144 280
144 281
143 282
143 283
143 284
143 285
143 286
142 288
142 289
142 291
141 292
141 294
141 296
140 298
140 300
140 301
140 303
139 304
139 306
139 308
139 309
139 310
139 311
139 312
139 313
139 314
139 315
139 316
139 317
138 318
138 319
138 320
138 321
138 322
138 323
138 324
138 326
138 327
138 328
137 328
137 329
137 330
137 332
137 334
136 336
136 338
136 339
136 340
135 342
135 343
135 345
135 346
135 347
134 349
134 350
134 351
134 352
134 353
134 354
134 355
133 355
133 356
133 358
133 359
133 360
132 361
132 362
132 363
132 364
132 365
132 366
132 367
132 368
132 369
132 370
132 371
132 372
132 373
132 374
132 375
132 376
132 377
131 377
131 378
131 379
131 380
131 381
131 382
131 383
131 384
131 385
131 376
131 375
131 374
131 373
131 372
131 371
131 370
131 369
131 368
131 367
133 364
133 363
133 362
133 361
134 361
134 360
134 359
134 358
135 358
135 357
135 356
136 356
136 355
136 354
137 354
137 353
138 352
138 351
139 351
139 350
140 349
141 348
142 347
143 347
143 346
144 346
144 345
145 345
146 345
146 344
147 344
148 344
148 343
149 343
150 342
151 342
152 341
153 341
153 340
154 340
155 339
156 338
156 337
157 337
157 336
158 336
158 335
159 334
160 333
160 332
161 332
161 331
162 330
163 329
163 328
164 327
165 327
165 326
166 325
167 324
167 323
168 322
169 321
169 320
169 319
170 318
171 318
171 317
171 316
172 315
172 314
172 313
173 313
173 312
173 311
174 311
174 310
175 309
175 308
175 307
176 306
176 305
176 304
177 304
177 303
177 302
177 301
178 300
178 299
179 298
179 297
180 295
180 294
180 293
180 291
180 290
181 289
181 288
181 287
181 285
182 284
182 283
182 281
183 280
183 279
183 278
183 277
184 276
184 275
184 274
184 273
184 272
184 271
184 277
184 278
184 279
184 280
184 281
184 282
184 283
183 285
183 286
183 287
183 289
182 290
182 291
182 292
182 293
182 294
181 295
181 296
181 297
181 298
181 299
180 300
180 301
180 302
180 303
179 303
179 304
179 305
179 306
178 307
178 308
178 310
177 310
177 312
177 314
177 315
177 316
177 317
176 318
176 320
176 321
176 322
176 323
176 324
176 325
175 325
175 326
175 327
175 328
175 329
175 330
175 331
174 332
174 333
174 334
174 335
173 335
173 336
173 337
173 338
173 339
173 340
173 341
173 342
173 343
173 344
173 345
173 346
173 347
172 348
172 349
172 350
172 351
172 352
172 353
172 354
172 355
172 356
172 357
172 358
172 359
172 360
172 361
172 362
171 363
171 364
171 365
171 366
171 367
170 367
170 368
170 369
170 370
170 371
170 372
170 373
171 373
172 373
173 373
174 373
175 373
176 373
177 373
178 373
179 373
180 373
181 373
182 373
183 373
184 373
185 373
186 373
187 373
189 371
190 371
191 370
192 369
193 368
194 368
194 367
195 366
196 365
197 363
198 363
198 362
199 361
200 360
201 359
201 358
201 357
202 356
202 355
203 354
203 353
204 352
204 351
204 350
204 349
204 348
204 347
204 346
203 345
202 345
201 345
200 345
199 345
198 345
197 345
196 346
195 346
194 347
193 347
193 348
192 348
192 349
191 350
191 351
191 352
191 353
190 353
190 354
190 355
190 356
190 357
190 358
190 359
190 361
190 363
190 364
190 365
190 366
190 367
191 368
191 369
192 370
193 370
194 370
194 371
195 371
195 372
196 372
197 373
198 373
198 374
199 374
199 375
200 376
201 376
202 377
203 377
204 377
205 377
206 377
207 377
208 377
209 377
210 376
211 376
211 375
213 375
213 374
214 374
215 373
216 372
217 372
217 371
218 371
219 370
219 369
220 369
221 368
222 368
222 367
223 367
223 366
224 366
224 365
224 364
225 364
226 362
227 361
228 360
230 358
231 356
233 354
234 352
235 349
236 347
237 346
238 345
238 344
239 342
239 340
240 340
240 338
240 337
241 335
241 334
241 333
242 332
242 331
242 330
243 329
243 328
243 327
244 326
244 325
244 324
244 323
244 322
244 321
245 320
245 319
245 318
245 317
245 316
245 315
245 314
245 313
245 312
245 311
245 310
245 309
245 308
245 306
245 304
245 303
245 302
245 300
245 298
245 297
245 296
245 295
244 295
243 295
242 295
241 295
241 294
240 294
239 294
238 294
237 294
237 295
237 296
237 297
237 298
237 299
237 300
237 301
237 302
237 303
237 306
237 308
237 311
237 312
237 313
237 314
237 316
237 317
236 318
236 319
236 320
236 321
236 322
235 323
235 324
235 325
234 326
234 327
234 328
234 329
234 330
234 331
234 332
234 333
234 334
233 335
233 336
233 338
232 340
232 342
232 343
232 345
231 347
231 349
231 351
231 353
231 354
231 355
231 358
231 359
231 361
231 362
231 364
231 365
231 366
231 367
231 369
231 370
231 371
231 372
231 373
231 374
231 375
232 375
233 375
234 375
235 375
236 375
237 375
238 375
239 375
240 375
241 375
242 375
243 375
244 375
245 375
245 374
246 374
247 374
247 373
248 373
248 372
249 371
250 371
250 370
251 369
252 368
253 367
254 366
255 364
256 362
256 361
256 360
257 359
258 357
258 356
258 355
259 355
259 354
259 353
260 353
260 352
261 351
261 350
262 349
262 347
263 347
263 346
263 345
264 345
264 343
264 342
265 342
265 341
265 340
266 339
266 338
266 337
267 336
268 335
268 333
269 332
270 330
270 327
271 325
271 324
272 323
272 321
272 320
273 319
273 318
273 317
273 316
273 315
273 314
273 312
273 311
273 310
273 309
273 308
273 307
273 306
273 305
273 304
273 303
272 302
272 301
271 301
270 301
269 301
268 301
267 301
266 301
266 302
266 303
266 304
266 305
266 306
266 307
265 307
265 308
265 309
265 310
265 311
265 312
265 313
265 314
264 316
264 317
264 318
264 320
264 321
264 322
263 323
263 325
263 326
263 327
263 328
263 329
263 330
263 331
263 332
263 333
263 334
263 335
263 336
263 337
263 338
263 339
263 340
263 341
263 342
263 343
263 344
263 348
263 349
263 350
263 351
263 353
263 354
263 355
263 356
264 356
264 357
264 358
265 359
265 360
266 360
266 361
266 362
266 363
267 363
267 364
268 364
268 365
269 365
269 366
269 367
270 367
271 367
271 368
272 368
273 368
273 369
274 370
275 370
275 371
276 371
277 372
278 372
279 372
280 373
281 373
282 373
282 374
283 374
284 374
285 374
286 374
286 375
286 376
286 377
287 377
288 377
289 377
290 377
291 377
292 377
293 377
294 377
295 377
295 376
296 376
297 376
298 376
299 376
300 376
301 375
302 375
302 374
303 374
304 373
304 372
305 372
306 371
307 370
307 369
308 368
309 367
310 366
310 365
311 364
311 363
312 362
312 361
312 360
313 358
313 357
313 356
313 355
313 353
313 351
313 350
313 348
313 346
313 345
313 344
313 342
313 341
313 339
313 338
313 337
313 336
313 335
313 334
313 333
312 332
312 331
311 330
310 330
310 329
309 329
309 328
308 328
307 328
306 328
306 327
305 327
304 327
303 327
302 327
301 327
299 327
298 327
297 327
295 327
294 327
294 328
293 328
292 328
291 328
290 328
289 329
288 329
288 330
287 330
287 331
286 331
286 332
285 332
285 333
285 334
284 335
284 336
284 337
284 338
284 339
283 339
283 340
283 341
283 342
283 343
283 344
283 345
283 346
283 347
282 348
282 349
282 350
282 351
282 352
282 353
282 354
282 356
282 357
282 358
282 359
282 360
282 361
282 362
282 363
282 364
282 365
283 366
283 367
284 367
284 368
285 368
285 369
286 369
286 370
287 370
288 370
335 380
335 379
335 381
335 382
335 383
336 383
336 384
336 385
336 386
336 387
336 388
336 389
336 390
336 391
335 391
335 392
334 392
334 393
333 393
370 337
370 338
370 339
370 340
370 341
370 342
371 342
371 343
372 344
372 345
372 346
373 347
373 348
373 349
374 350
374 351
374 352
374 353
375 354
375 355
375 356
375 357
376 357
376 358
376 359
376 360
376 361
377 361
377 362
377 363
377 364
377 365
377 366
378 367
378 368
378 369
378 370
378 371
378 372
378 373
378 374
379 374
380 374
380 373
381 372
382 371
383 371
384 370
385 369
385 368
386 368
386 367
387 367
387 366
388 366
388 365
389 364
390 363
390 362
391 362
391 361
391 360
392 360
392 359
393 358
394 358
395 358
395 359
396 360
397 362
397 363
398 364
398 365
399 365
399 366
400 366
400 367
400 368
401 368
402 369
402 370
403 370
403 371
404 371
404 372
404 373
405 373
405 374
406 375
407 375
407 376
407 377
408 377
408 378
409 377
409 376
409 375
409 374
410 374
410 373
410 372
411 372
411 371
412 370
412 369
413 368
413 367
414 367
414 366
415 365
415 364
416 364
416 363
416 362
416 361
417 361
417 360
417 359
417 358
418 358
418 357
418 356
419 356
419 355
419 354
420 353
420 352
420 351
421 351
421 350
422 349
422 348
422 347
423 347
423 346
424 345
424 344
425 344
425 343
425 342
426 342
426 341
427 341
427 342
427 344
427 345
427 346
427 348
427 350
427 351
427 353
427 354
427 355
427 356
427 358
427 359
428 360
428 361
428 362
429 362
429 363
429 364
430 365
430 366
431 366
431 367
432 368
433 369
434 369
434 370
435 370
436 370
437 370
438 371
439 371
440 371
441 371
442 371
443 371
444 371
445 371
446 371
446 370
447 370
448 370
449 370
449 369
450 369
451 368
452 367
453 366
454 365
455 364
455 363
456 363
456 362
457 361
457 360
458 360
458 359
458 358
458 357
458 356
458 355
458 354
458 353
458 352
458 351
458 350
458 349
458 348
458 347
458 346
458 345
457 345
457 344
456 344
456 343
455 343
455 342
454 342
453 342
452 341
451 340
449 340
447 339
446 339
445 338
444 338
443 338
442 338
441 338
440 338
439 338
438 338
437 338
436 338
435 338
434 338
433 338
432 338
431 339
430 339
430 340
430 341
430 342
430 343
429 344
429 345
429 346
429 347
429 348
429 349
429 350
429 351
429 352
429 353
429 354
429 355
429 356
429 357
430 358
430 359
430 360
431 360
431 361
431 362
432 362
432 363
433 363
433 364
434 364
434 365
435 365
436 366
437 366
438 366
438 367
439 367
440 367
441 367
442 367
443 367
444 367
444 368
445 368
446 368
447 368
448 368
449 368
450 368
452 368
453 368
454 368
455 368
456 368
457 367
458 367
458 366
459 365
459 364
460 364
460 363
461 363
461 362
462 361
462 360
463 360
463 359
464 359
464 358
465 357
465 356
466 356
466 355
466 354
467 354
467 353
468 353
468 352
469 351
469 350
470 350
470 349
471 348
471 347
471 346
471 345
472 345
472 344
472 346
472 347
473 348
473 349
474 350
475 351
476 351
477 351
477 352
478 352
479 352
480 352
480 353
481 353
482 353
483 353
484 353
485 353
486 353
486 352
487 352
487 351
488 351
488 350
488 349
488 348
488 347
489 347
489 346
489 348
489 349
489 351
489 353
489 354
489 355
489 357
489 358
489 359
489 360
489 362
489 364
489 365
489 366
489 367
489 368
489 369
489 370
489 371
489 372
490 372
490 373
490 374
491 374
491 375
491 376
491 377
492 377
493 377
493 378
494 378
495 378
496 378
497 378
498 378
499 378
499 377
500 377
501 377
502 376
503 375
504 374
504 373
506 372
506 371
507 371
507 370
508 370
509 369
510 368
510 367
511 367
511 366
512 366
512 365
513 364
513 363
514 363
514 362
515 361
515 360
516 358
517 356
518 355
518 353
519 351
520 348
520 346
521 343
523 340
523 338
524 337
524 334
525 332
525 330
525 329
525 327
525 326
525 324
525 323
525 322
525 321
525 320
525 319
525 318
525 317
524 316
523 316
522 316
521 316
520 316
519 316
518 316
517 317
517 318
517 319
517 320
517 321
517 322
517 323
517 325
516 325
516 326
516 327
516 328
516 329
515 330
515 332
514 333
514 334
514 335
514 336
514 337
514 338
514 339
514 340
513 341
513 342
513 343
513 344
513 345
513 346
513 347
513 348
513 349
513 350
512 351
512 352
512 354
512 355
512 356
512 357
512 358
512 359
512 360
512 361
512 362
512 363
513 365
514 365
514 366
514 367
515 367
516 367
516 368
517 369
517 370
518 370
519 370
519 371
520 371
521 371
521 372
522 372
523 372
524 372
525 372
526 372
527 372
528 372
529 372
530 372
530 371
530 370
530 369
531 368
531 367
531 366
531 365
531 364
532 364
532 363
533 363
533 362
533 361
533 360
534 359
534 358
534 357
535 357
535 356
536 356
536 355
537 355
537 354
537 353
538 353
539 352
539 351
540 350
540 349
541 349
542 349
542 348
543 348
544 348
545 348
546 348
547 348
547 349
548 349
548 350
549 350
549 351
550 351
551 352
552 352
550 352
549 352
548 352
547 352
546 352
545 352
544 352
543 352
542 352
541 352
540 352
540 353
540 354
540 355
540 356
540 357
540 358
540 359
539 360
539 361
539 362
539 363
539 364
539 365
539 366
539 367
539 368
540 368
540 369
541 369
541 370
542 370
543 370
544 370
544 371
545 371
546 371
547 371
548 371
549 371
550 371
551 371
552 371
552 370
552 369
552 368
553 367
553 366
553 365
554 364
554 363
554 362
554 361
554 360
555 359
555 358
555 357
555 355
556 354
556 352
557 350
557 349
557 348
558 346
558 344
559 342
559 341
559 340
559 338
559 336
559 335
559 334
559 333
559 330
559 329
559 328
559 326
560 325
560 324
560 323
560 322
560 321
560 320
560 319
560 318
560 317
560 316
560 314
560 313
560 312
560 311
560 310
560 309
561 309
561 308
561 307
561 306
561 305
561 310
561 311
561 312
561 313
561 314
561 315
561 316
561 317
561 318
561 319
561 320
561 321
561 322
561 323
561 324
560 326
560 327
559 332
558 338
558 339
558 340
558 341
558 343
558 347
557 351
557 352
557 353
557 354
557 355
557 356
557 357
557 358
557 359
557 360
557 361
557 362
557 363
558 363
558 364
559 365
559 366
560 366
560 367
561 367
561 368
562 369
563 369
563 370
564 370
564 371
565 371
566 371
566 372
567 372
567 373
568 373
569 373
570 373
571 373
572 373
573 373
574 373
575 373
576 373
577 373
610 286
610 285
610 284
610 287
610 288
610 289
610 290
610 291
610 292
610 293
610 294
610 295
610 296
610 298
610 299
610 300
610 301
610 302
610 303
610 304
610 305
610 306
610 307
610 308
610 309
610 310
610 311
610 312
610 313
610 314
610 315
610 316
610 317
610 318
610 319
610 320
610 321
610 322
611 323
611 324
611 325
611 326
611 327
611 328
611 329
611 330
611 331
611 332
611 333
612 333
612 334
612 335
612 336
612 337
612 338
612 339
612 340
612 341
612 342
612 343
612 344
612 345
612 346
612 347
612 348
612 349
612 377
611 377
611 376
611 375
611 374
611 373
611 372
611 371
612 371
613 371
614 371
615 371
616 371
617 371
618 371
618 372
618 373
619 373
619 374
619 375
619 376
619 377
619 378
618 378
618 379
617 379
616 379
615 379
614 379
613 379
612 379
